3825
21313
5585
23844
63543
13468
43349
11779
11752
57204
15252
47579
5430
10737
2726
50886
13953
22996
47761
16334
51581
39919
25761
34261
65284
64616
36664
24118
22853
54238
46619
32270
16205
26398
41018
11391
56794
24635
30058
45382
9562
22919
37990
24339
17592
2553
50326
49695
58857
33387
6819
37880
48156
43020
18260
9229
10643
15045
59575
12601
18403
63210
60828
50857
30477
59874
49032
18985
62609
5836
13889
60893
43092
17265
44983
15452
13601
47254
17666
49315
1834
2594
17569
59823
17109
39780
44519
47806
64551
14511
14705
40511
23474
37697
42641
36190
21601
57192
33230
13230
